ullm-quant skeleton
kernel_version=0.1.0
threads=64
io_threads=2
max_working_memory_mib=4096
aq_policy=all-g16
aq_low_format=aq4_e4m3_g16_ts_flloyd16
aq_high_format=aq4_e4m3_g8_ts_flloyd16
aq_high_families=
dry_run=true
pack_smoke=ok [16, 33, 15, 120]
plan_model_dir=/home/homelab1/datapool/ai_models/safetensors/Qwen/Qwen3.5-9B
plan_tensor_count=775
plan_supported_tensor_count=255
plan_passthrough_tensor_count=520
plan_total_tensor_bytes=19306216416
plan_total_estimated_output_bytes=9059400672
plan_estimated_output_to_input_ratio=0.469248
inspect_tensor=model.language_model.layers.0.mlp.up_proj.weight
inspect_source_file=/home/homelab1/datapool/ai_models/safetensors/Qwen/Qwen3.5-9B/model.safetensors-00002-of-00004.safetensors
inspect_dtype=BF16
inspect_shape=[12288, 4096]
inspect_payload_bytes=100663296
inspect_chunk_bytes=1048576
inspect_chunks=96
inspect_fnv1a64=16e6f2e89dfb833b
inspect_numeric_elements=50331648
inspect_numeric_finite_elements=50331648
inspect_numeric_nan_elements=0
inspect_numeric_min=-0.104980469
inspect_numeric_max=0.131835938
inspect_numeric_mean_abs=0.008388692
inspect_numeric_max_abs=0.131835938
inspect_aq_format=aq4_e4m3_g16_ts_flloyd16
inspect_aq_scale_format=e4m3
inspect_aq_scale_count=119
inspect_aq_group_size=16
inspect_aq_groups=3145728
inspect_aq_group_absmax_mean=0.021983589
inspect_aq_group_absmax_max=0.131835938
inspect_aq_zero_absmax_groups=0
inspect_aq_scale_index_min=2
inspect_aq_scale_index_max=31
inspect_aq_scale_clamped_low=0
inspect_aq_scale_clamped_high=0
inspect_aq_scale_relative_error_mean=0.024264209
inspect_quant_dry_run=direct_group_scale_nearest_codebook
inspect_quant_elements=50331648
inspect_quant_groups=3145728
inspect_quant_mse=0.000000692952
inspect_quant_relative_mse=0.006231116836
inspect_quant_max_abs_error=0.006380409
inspect_quant_index_counts=2430451,2431503,3043754,3522182,3730154,3694563,3354218,2924408,3107429,3527931,3542729,3569806,3474354,3154503,2426873,2396790
inspect_codebook_json=benchmarks/results/2026-07-01/aq/2026-07-01-aq-family-codebooks-qwen35-9b-mlp-up-attn-k-weighted.json
inspect_codebook_family=mlp_up
inspect_codebook_candidate=aq4_e4m3_g16_ts_flloyd16
inspect_codebook_entries=16
inspect_codebook_min=-0.966317832
inspect_codebook_max=0.968481123
inspect_codebook_values=-0.966317832,-0.728607655,-0.556793213,-0.415682137,-0.297201693,-0.194260105,-0.105385222,-0.032799602,0.031088296,0.112165414,0.201768324,0.298005462,0.413556248,0.555131972,0.734994352,0.968481123
